766
1488
589
1317
1766
1214
1184
1608
485
1536
1069
907
2148
354
1526
1772
1228
356
2150
541
1102
1635
1212
864
1424
1582
355
1487
654
881
453
1550
1534
1374
1080
1161
841
1299
1666
1774
1066
1706
1655
1383
1795
1231
1641
1311
1514
1501
1842
1009
1810
1475
356
844
1626
710
386
1238
1091
1502
1545
1489
1283
646
1518
1632
1134
1509
1100
723
1258
1600
1654
1440
1948
1322
1549
1358
612
1004
1296
1509
1541
1574
970
1928
1245
1420
1392
1440
1128
1456
857
1418
751
1871
1800
1453
1240
951
1366
1421
1100
1445
1317
1662
1170
805
1656
1293
1610
1503
767
867
766
960
1189
1464
710
1088
975
1018
356
1707
1463
1505
1162
355
1277
584
1507
1485
1051
1094
1211
1730
354
354
1701
1896
1343
1450
1463
1205
1912
1444
1270
1534
1346
1004
995
1155
2120
354
1623
1543
2106
1304
1416
360
1399
1268
1148
2145
1681
1423
1335
1727
1383
1001
1181
1167
1480
1604
1378
1303
572
1509
1241
1530
1944
1196
1562
1157
1624
1424
1000
1547
2407
1091
1205
2017
2182
1405
1363
933
2032
1017
1286
1291
1167
1492
1272
1664
1068
1367
676
956
1293
1081
1502
1438
2838
1043
2118
1475
998
1056
656
1209
363
1453
580
1459
913
1180
1525
1435
1194
354
1302
1623
1434
355
2209
919
1608
1615
1273
1512
1762
1013
1463
1279
1414
1668
1254
1159
1141
1215
969
1416
1539
1278
1731
1629
1412
1193
1363
581
1434
667
1573
1609
1393
918
1647
1272
1569
719
1601
1539
1684
1390
354
1415
1616
1132
1473
1167
1465
1057
1105
1172
1742
837
1765
1267
574
1424
1634
1462
1139
725
1479
1655
1176
1970
1534
618
2437
1402
1617
1532
1111
1339
1277
1425
1552
1636
1622
918
1331
864
649
901
1750
1526
354
1697
1683
1661
769
1587
1221
1641
1301
1402
1696
1517
1178
1503
1426
1916
1470
1239
1246
1486
1602
1489
1586
1632
1542
718
1367
1727
1380
1683
862
1156
936
1260
1348
931
1289
1524
1555
1466
1176
641
1378
1418
1956
1059
1346
1376
1465
902
1772
1498
878
1618
754
1605
1518
1213
895
2158
1355
1270
355
1008
2177
2124
1487
1424
888
1222
1495
1288
1423
1762
1469
1594
2131
2024
765
1609
1669
1186
978
1677
1673
2062
1719
1377
1249
1038
1666
1640
563
2190
1051
1759
2031
1173
1693
1352
1252
1485
1400
1103
1088
1829
2220
1170
1617
1075
1568
961
937
1902
1480
1240
1150
1175
2054
1674
1320
1232
1685
1956
1289
1146
1484
1242
1377
354
1582
937
1542
1498
1840
354
857
1647
1661
2041
1559
1259
700
623
1729
787
1710
1467
1416
598
1189
1097
1965
1193
1429
1509
867
1004
1961
1168
1793
1765
1486
1266
2202
1164
1950
1683
1672
806
1169
1210
1704
354
1370
1443
1728
915
2166
1142
1873
2317
1466
1263
1144
1551
1898
2171
577
1706
1088
1127
608
1746
382
1628
1088
1192
1879
1304
1348
1342
1609
1657
1399
1646
1471
1124
1576
1067
1757
1514
701
1364
1666
1592
1609
1755
516
582
1470
1556
1686
1189
1702
1660
2243
1709
1446
998
354
1614
1524
1322
1629
593
1717
902
1290
1227
1406
1439
989
1065
1558
1458
1774
1685
716
1389
1641
1600
1481
1852
583
742
729
482
1504
1400
1449
1156
1169
1075
1264
1654
1734
1492
517
673
985
878
604
1183
1419
1630
894
1491
850
1377
1259
694
1649
1184
1297
991
1214
1339
919
761
1647
1454
1353
1394
1193
1434
1046
1280
1685
1589
1289
1698
1830
1439
1463
1423
1226
1530
1180
1935
1374
888
932
1579
1486
1604
1449
1548
1044
1404
2229
368
592
1258
983
791
369
925
1331
1642
1140
1545
1375
1865
2128
1840
1367
1524
1337
356
1646
1891
1581
1901
1432
1350
1413
1731
1462
1595
1272
1582
354
354
1629
1447
1834
1502
1050
1237
705
1665
1508
1330
1604
1329
2065
1414
1541
1562
1129
1821
1750
1645
604
1360
1470
1429
715
1018
1362
1366
1114
1418
1881
1158
1613
1542
1387
977
763
2006
1175
1042
982
573
1526
1211
1623
1197
2188
949
1936
1627
1024
1174
776
1627
1109
1205
1524
356
1853
1226
984
1246
1140
1666
1598
1268
1146
354
2193
1058
1044
1351
1382
1029
1379
1790
1135
1611
1272
1835
1255
1374
1486
1405
1656
633
1353
2025
713
470
810
1797
1222
1339
354
1093
1217
876
1557
1513
1284
980
1685
1541
1621
687
1710
1393
776
1238
1643
1020
2526
1314
1511
1160
1493
1469
1979
1199
354
1558
634
1599
1770
1480
1719
1443
1105
527
1402
1484
1947
1301
1875
1720
1754
1559
1757
427
1340
1612
1071
1462
1976
639
606
1238
1296
360
830
1116
2126
1607
1250
1405
1648
1655
1873
1429
466
1607
1421
1313
1175
1436
2946
1516
734
1319
1435
1665
1384
1307
846
820
1536
1567
1458
1663
1006
1609
1793
1561
1591
1420
1151
1218
1342
1619
1047
1476
1401
1471
1675
1802
1788
1796
1624
1641
1229
1149
1066
1182
1904
1645
1089
1292
2079
1230
588
747
1231
1504
1421
1366
1080
1685
1047
1268
388
1622
1347
1672
1923
1256
1578
1486
1480
356
985
1261
1731
988
1500
1078
1430
1666
1453
746
1835
1114
1138
732
1474
1896
1211
1234
1133
861
2019
1175
1731
1647
1236
1515
1722
1344
876
1934
1047
1164
1518
1531
1708
582
1584
1490
1218
1180
1717
803
1544
1437
1758
1632
1425
1097
1338
1648
354
1554
1236
1556
1815
1319
1490
949
1588
778
586
588
1528
1108
1020
1639
934
1131
1040
1579
1620
1130
1470
911
2072
621
1365
1465
1725
1356
531
1272
1661
1390
1691
1782
1262
1382
807
1472
1818
354
1160
1385
868
1839
746
1306
891
1567
1392
1427
1223
1762
1262
813
701
994
1496
1229
405
1214
1743
1781
1675
1221
1575
2024
1645
605
1371
1404
1215
1212
1603
1542
1522
1429
718
1182
1184
1272
1673
591
1384
1056
1358
1500
2247
1227
883
1033
815
1092
2059
808
1113
1890
1270
1545
368
1033
861
1307
1627
1344
1335
1275
1455
1337
1259
1114
1598
1802
892
1632
909
922
1164
1186
1421
1374
970
1404
1358
820
1184
1467
1527
1341
844
754
1345
1374
1572
1362
1539
1304
355
1575
1291
1702
1201
1997
1344
1291
773
1268
1273
1628
516
1776
1449
1297
1596
354
1616
1553
1416
1688
790
2031
1121
1641
1634
2155
1251
1176
1633
1309
1483
1621
1220
1037
1088
1576
1098
1934
1181
1545
1657
1613
1478
1667
1981
1579
1364
2155
1342
588
1730
622
1655
1304
1874
1627
1759
1715
1584
1018
1440
1186
939
591
1605
1560
1148
1238
1816
1464
1268
1433
1339
1232
669
1880
1642
1343
1736
1340
1695
1046
1256
1120
587
1532
907
1832
1253
1210
1471
1485
1679
1300
1342
1327
1473
1261
1428
1108
1112
810
1642
1648
1375
999
1937
1677
797
1349
1611
1706
1121
1512
1208
720
1154
1332
1157
1360
597
952
1545
1024
2199
2139
1629
957
1258
1269
799
1310
1966
1583
1749
1297
1361
1409
468
703
1178
1270
1712
1495
1495
1382
1837
1548
1370
1983
1509
1552
401
1429
1159
1357
1340
1490
1426
2048
1202
2196
1404
1036
1461
1992
1388
1518
1589
1360
1348
1723
1154
1504
1393
1396
1199
1745
1836
1469
1419
942
1271
620
1310
1355
1236
1181
710
2610
684
1234
1554
1474
1600
1038
1350
1089
1765
1045
1311
1135
1358
984
1048
1699
917
1464
715
1889
1625
1190
1351
952
766
1826
2162
1312
1929
359
1718
1002
1267
656
1431
1692
1526
591
1378
1604
1272
1368
1186
1623
1254
1559
1920
1259
576
1414
1704
1115
1088
1819
1626
1697
1177
1495
1732
519
354
1570
552
1343
1422
1305
1717
1130
728
1461
1434
2003
1481
1552
1137
1105
1442
720
2287
1651
1054
1148
1123
528
1443
1688
1569
466
1363
1671
605
1347
1474
974
1269
955
1551
981
1919
1603
759
2086
1581
1244
1787
812
1492
1081
806
1708
1046
1338
421
2199
1667
1337
1311
1434
1264
2185
1429
579
1219
1965
1870
1259
801
1671
1862
786
926
1414
1340
1203
1887
1132
1354
1440
1453
1636
1694
1046
1465
853
1491
1524
355
1604
1706
1065
1055
1853
1160
1032
1797
1699
766
1226
682
1872
1694
1442
594
2832
2913
2054
985
1463
1441
1515
758
354
1622
1598
1358
1477
1711
1133
1551
1038
1712
1376
1855
1605
1680
1606
1629
814
1475
1541
1203
1222
966
1640
979
1630
1263
1041
1299
829
1116
1906
665
1514
888
1991
1357
1612
1964
1347
1366
1178
2059
1472
1289
1575
1042
1354
1547
1384
1607
1459
1206
1572
1019
1222
1624
1365
1063
1091
1341
1165
986
356
356
1697
1632
1844
1394
2525
1386
1249
1383
1730
1343
1537
1431
427
1345
985
1739
1410
1023
1760
1579
1154
757
1295
1530
1110
631
1092
1095
1474
885
358
1462
1230
1234
1264
2189
1303
818
1651
795
2408
798
2726
378
1411
549
759
1322
955
1491
795
1403
1527
1178
1516
1309
1395
1377
1223
1287
1268
721
1512
581
1608
1472
574
1851
1186
899
1328
1842
1464
995
1314
1460
1442
908
1213
1284
802
625
1432
1331
1607
1449
1689
1814
1487
524
1652
432
1214
1567
1176
1370
1090
1459
1621
1189
1361
2054
385
1001
712
1709
1414
1341
1024
1443
1622
1481
1082
605
1534
1535
1576
1197
1315
1625
1311
1147
1496
1542
1657
1304
1485
575
1351
1863
1421
1411
1660
1181
1434
355
1450
516
1930
1341
1238
1061
980
1031
574
1146
1353
1231
355
1065
1649
605
1660
1010
1313
1416
1307
1610
1287
828
1417
645
1462
784
1004
1164
1489
510
981
2041
1409
1055
1961
1562
1476
1864
1287
1000
368
1287
1663
1664
356
354
1771
1081
1517
1319
1645
1690
1111
1726
1728
356
1684
1472
1290
355
2240
1729
1993
1832
1925
1142
1649
1603
1406
1367
1268
1753
1121
1268
1372
1569
1453
1625
1212
569
926
1323
1324
1432
1531
1124
1255
1129
1579
1418
1762
1203
1570
1659
1377
589
898
1052
1631
1943
1305
1407
2115
965
1122
1721
1174
1666
748
1150
1738
391
1764
1958
1048
1612
1554
1391
1631
1164
1412
1428
1447
1026
1790
1260
1319
1440
805
2212
686
1146
1224
1343
970
1483
1301
1872
1341
1134
1252
1223
517
1263
1405
1436
1611
1472
721
902
639
1331
1544
1429
1175
1942
1660
859
1577
1296
2314
793
1401
1385
354
582
1000
1453
1173
1232
1564
1654
1270
1271
1381
1362
703
1234
2018
2438
1674
1353
1215
1253
1442
459
509
1611
1392
1575
1666
1024
1641
1764
1077
1671
383
1643
968
1618
1211
796
1515
597
967
1428
1657
1331
1623
1280
1623
1531
923
355
1206
1573
2072
1502
1096
1134
1353
1627
1525
704
1641
1598
581
992
801
913
354
1694
1458
354
1577
1336
1180
1227
1423
1497
1606
1311
1601
356
1505
1177
916
1677
1556
963
2406
1156
1461
1690
1140
662
1232
1456
1107
355
1037
1387
1523
1652
1655
356
2072
1166
354
1447
1639
1273
1302
1081
1648
1765
1572
818
2335
1734
356
588
1578
1621
1176
1312
2039
1968
1832
1602
1475
1446
1159
1406
1009
1139
1984
1539
1083
356
873
1828
1161
1360
879
1552
1384
1289
354
1308
1654
1330
1475
1337
1082
1863
1474
421
1373
1580
672
697
1308
1694
1714
1822
538
1652
354
972
1076
1120
1478
1700
356
1645
1584
1026
1781
1181
354
1637
1296
1700
1681
1405
987
1302
1214
1186
1188
2185
1116
1474
1297
1570
1478
1707
1248
1824
1285
1389
777
1684
1404
1641
767
573
1690
1466
1211
949
390
1599
1537
1669
1495
1426
1373
1710
1307
1687
1602
1287
1381
985
1395
1674
1075
1249
1291
1021
1041
964
870
1017
815
875
857
588
765
960
841
940
953
1195
932
917
1688
1436
999
1702
1345
1487
2168
1179
1315
1521
1219
2133
1742
1583
1074
354
2114
1129
1192
1533
1231
647
1382
1449
1281
1447
354
1425
1048
1103
1388
1607
919
1521
2103
478
1462
1531
1368
1216
1295
2123
1663
1365
1468
1431
1834
2152
846
1154
1807
1183
1280
1608
1570
1228
1772
1377
1421
1114
794
1359
1684
1366
1376
1536
1607
1503
1538
755
870
1619
1632
1454
1845
1243
1927
1723
959
1433
1577
1191
1496
1173
1272
1108
1388
1906
1629
1680
1109
1678
1640
1356
1762
1553
